16909312
16910336
18822400
69340160
71613024
71613072
71675904
71675940
71676068
71676196
71678720
71678960
71682832
71682880
84610816
86028288
87646208
87970304
87970344
87971072
87971088
87971152
87971192
87971270
87971584
90589440
90590464
135162112
137038514
137038754
137123328
142606336
147865600
167772160
247853056
247853190
247853203
247853255
247853275
247853291
247853315
247853338
247853343
247853374
247853406
247853491
247853538
247853559
247853563
247853575
247853587
247853607
247853611
247853639
247853643
247853718
247853739
247853791
247853859
247853891
247853915
247853973
247854007
247854063
247854079
247854119
247854127
247854131
247854143
247854175
247854195
247854198
247854227
247854231
247854243
247854247
247854263
247854315
247854318
247854334
247854355
247854371
247854399
247854462
247854475
247854502
247854510
247854547
247854563
247855195
247855291
247855403
247855439
247855619
247855635
247855651
247855687
247855690
247855695
247855698
247855710
247855719
247855787
247856650
247856718
247856775
247856819
285241344
285258624
285259392
285260416
285261568
290766848
290792960
291176704
291176843
291176847
291176851
291176855
291176863
291176871
291176875
291176879
291176887
291176891
291176903
291176907
389600768
392617984
392659456
394264832
394271232
394281216
394296832
394297856
394305792
394313984
394322176
394330368
394338560
394346752
394354944
394363136
394371328
394379520
394387712
394395904
394404096
394412288
394420736
394428928
394436864
394445056
394453248
394461440
394477824
394494208
394502400
394510592
394518784
394625280
394674432
394682880
394707456
394723584
394731776
394805504
394813696
394821888
394838272
394879232
394895616
394936832
395002112
395010304
395059456
395108608
395149568
395157760
395165952
395174144
395182336
395190528
395198720
395206912
395215104
395223296
395231488
395239680
395247872
395256064
395264256
395272448
395280640
395288832
395297024
395305216
395313408
395321600
395329792
395337984
395346176
395354368
395362560
395370752
395378944
395387136
395395328
395403520
395411712
395419904
395428096
395436288
395444480
395452672
395460864
395469056
395477248
395485440
395493632
395501824
395510016
395518208
395526400
395534592
395542784
395550976
395559168
395576064
395591936
395600128
395608320
395616512
395624960
395632896
395641088
395649280
395657472
395665664
395673856
395682048
395690240
395698432
395706624
395714816
395723008
395731200
395739392
395747584
395755776
395763968
395772160
395780352
395788544
395796736
395804928
395813120
395821568
395837696
395845888
395854080
395870464
395886848
395903232
395911424
395919616
395927808
395936000
395952384
395960576
395969024
395985152
395993344
396001536
396009728
396017920
396026112
396034304
396042496
396050688
396058880
396067328
396075264
396083456
396091648
396099840
396108032
396116224
396124416
396132608
396140800
396148992
396157184
396165376
396173568
396181760
396189952
396198144
396206336
396214528
396222720
396230912
396239104
396247296
396263680
396280064
396288256
396296448
396304640
396312832
396321024
396329216
396337408
396345600
396361984
396378368
396386560
396394752
396402944
396411136
396427520
396443904
396460288
396468480
396476672
396484864
396493056
396501248
396509440
396516608
396517632
396525824
396534016
396542208
396550400
396558592
396566784
396574976
396583168
396591360
396599552
396607744
396615936
396624128
396640512
396648704
396656896
396665088
396673280
396681472
396689664
396706048
396722432
396738816
396755200
396771584
396787968
396804352
396820736
396837120
396853504
396869888
396886272
396902656
396919040
396935424
396951808
397017344
397066496
397099264
397132032
397197568
397279744
397345024
397361408
397377792
397426944
397443328
397476096
397508864
397558016
397590784
397607680
397656576
397672704
397689088
397705472
397771008
397787392
397803776
397836544
397918464
397934848
397951232
397967616
398000384
398033152
398049536
398065920
398082304
398098688
398115072
398131456
398164224
398180608
398196992
398213632
398229760
398246144
398262528
398278912
398295296
398311680
398328064
398344448
398360832
398377216
398393600
398409984
398426624
398442752
400687104
400707584
400716288
400723968
400736256
400748544
400769024
400801792
400809984
400867328
400875264
400949248
401227776
401276928
401289216
401297408
401316352
401346560
401359360
401360128
401360640
401369344
401375232
401383936
401400320
401413888
401415424
401420032
401420544
401422080
401426432
401427456
401428736
401435136
401506304
401530880
401532672
401555456
401571840
401572608
401577728
401594112
401801216
401997824
402003456
402005504
402012160
402014208
402027776
402096128
402170880
402171904
402175488
402176512
402208768
402403328
402436096
402536960
402550272
402551296
405995520
409354240
409518080
411160576
411885568
412057600
412614656
520312832
520596480
540805120
544602880
544608256
544608263
544608271
544665600
544677888
544681472
544694272
544694679
544694799
544694803
544694807
544694927
544694931
544694935
544695296
544695315
544695319
544695443
544696064
544698112
551550976
551587584
551597056
551616512
551750912
551762176
551763968
551770368
551860992
551863296
552009728
552020992
552021760
552026112
552200448
552201984
552204032
552205312
552227328
552240896
552255488
552258048
552260096
552440064
552502016
552502784
552506368
552510208
552512000
552515584
552524288
552529920
552530688
552532480
552547072
552551936
552560640
552564736
552578816
552583168
552589824
621971456
622415872
625514496
627239168
629882880
629884160
636171776
639369508
643211264
643294720
643590400
643691520
646213616
646215620
663158784
663177472
663182080
663188736
663201536
663300096
663319552
663333888
692881408
692905984
692966912
692968448
693026816
693102592
693596160
700260352
700276736
700280832
700284672
700285184
700301312
700305664
700336128
700338176
700377088
700400640
700581632
700595200
700598016
701120512
701382656
701398792
701431808
701459712
701460736
701461248
701480960
701857792
702020608
702083072
702142400
702442496
702465024
702470144
702502912
702507008
702528512
702533632
703733760
703747072
703757312
703758336
703791104
703922176
711166848
711167040
711167440
711172608
711178240
711185152
711186944
711187712
711189248
736219136
736221184
736230400
736344064
736499968
736886784
736952320
737166336
737168384
737170432
737182720
737189888
737200640
737202176
737217536
737219584
737234944
737243136
737257472
737261568
737275904
737277952
737282048
737293568
737299456
737302528
737328128
737332224
737335296
737347584
737542144
737618944
737627136
737629184
737631232
737636352
737647042
737661952
737667072
737680384
737713152
737769472
737776640
737787904
737879040
737895424
737932288
757727232
759238656
759431168
762362880
762368000
762370048
762373120
762384384
762387456
762393600
762398720
762417152
762423296
762427392
762431488
762438656
762445824
762454528
762456064
762459136
762470400
762480640
762496000
762504448
762506240
762510336
762536960
762542080
762545152
762551296
762566656
762580992
762630400
762647552
762706944
762791936
762800128
762832896
762874880
762881024
762900480
762917888
762921984
762928128
762948608
762986496
763011072
763042816
763046912
763066368
763069440
763073536
763075584
763077632
763100160
763106304
763108352
763120640
763145216
763154432
763164672
763172864
763180032
763186432
763201536
763244544
763259904
763261952
763288576
763299840
763334912
763337728
769405440
769459200
769465344
770063360
770154240
770181120
770185216
770194432
770491904
770549760
770612224
770641920
771229696
771248128
771250176
771252224
771260416
771279872
771289088
771296256
771321856
771341312
771341569
771361792
771365376
771378176
771378432
771385344
771400704
771404800
771424256
771428352
771454976
771459072
771463168
771490816
771511296
771517440
771538944
771547136
771548160
771561472
771563520
771566592
771571712
771578880
771588608
771617792
771631104
771633152
771636224
771646464
771655680
771667968
771681280
771684352
771686400
771721216
771726336
772884992
773212672
773695488
773834752
773842944
773843712
773844480
775553024
775557376
778464000
785973248
786610176
787185664
787186432
787193344
887027968
921161728
960937984
961732608
962277376
962355200
976362138
976362156
976362181
985829376
985847808
985884672
985903104
986065408
986087424
986094592
986103808
986193920
986219264
986251264
992673792
992889073
992891521
994372096
994435072
994446336
994496512
994521088
994863104
994877440
994931712
994946560
995011584
995164160
995166720
995167744
995168768
995169792
995170816
995172864
995173888
995174912
995175680
995176192
995181056
995182080
995183104
995185664
995187200
995188736
995191808
995328512
996941936
1023975424
1024327680
1024328192
1024328704
1024332032
1024336384
1024338958
1024341248
1024361472
1024361728
1024361776
1024361824
1024364544
1024367616
1024370176
1024374280
1024374440
1024374784
1024374864
1024376624
1024376784
1031863397
1031863398
1031863400
1031863401
1031863403
1031863406
1031863407
1031863408
1031863409
1031863410
1031863418
1031863419
1031863420
1032096467
1032096469
1032096472
1032096620
1032096626
1032182454
1032505486
1033475225
1033475234
1033487189
1033770195
1033770232
1035412531
1035627890
1035628224
1035628236
1035628324
1035639297
1035639362
1035639382
1035639390
1035639398
1035639410
1035639414
1035639422
1035639423
1035639424
1035639425
1035639426
1035639427
1035639428
1035639429
1035639430
1035639431
1035639432
1035639433
1035639434
1035639435
1035639436
1035639437
1035639438
1035639439
1035639440
1035639441
1035639442
1035639443
1035639444
1035639445
1035639446
1035639447
1035639448
1035639449
1035639451
1035639452
1035639453
1035639454
1035639455
1035639456
1035639457
1035639458
1035639459
1035639460
1035639461
1035639462
1035639463
1035639464
1035639465
1035639466
1035639467
1035639468
1035639469
1035639470
1035639471
1035639472
1035639473
1035639474
1035639475
1035639476
1035639477
1035639478
1035639486
1035669072
1035670514
1035838307
1035839390
1035840382
1035879058
1035880486
1035881219
1035881222
1035932766
1035933390
1038636544
1038784768
1038785792
1038942208
1038942211
1038942390
1038946048
1038949412
1038949488
1038949516
1038949580
1038949596
1038949604
1038949648
1038949684
1038949692
1038949700
1038949736
1038949748
1038949760
1038949780
1038949824
1038949840
1038949856
1038949872
1038950400
1038961152
1038961664
1038967040
1038967242
1038974691
1038974738
1038974946
1038974950
1038974974
1038989824
1039347164
1042294272
1042294784
1042296064
1042296576
1042297088
1042298368
1042299648
1042875904
1042876664
1042877184
1042880032
1042880088
1042880112
1042880512
1042881792
1042882560
1042886400
1042888192
1042892800
1042896384
1042897152
1042899456
1042900224
1042901248
1042903296
1042904064
1042907136
1042907648
1042908672
1042910464
1042911744
1042912768
1042914304
1042915352
1042915368
1042915480
1042915840
1042918144
1042919520
1042920704
1042921472
1042923008
1042923520
1042929152
1042931256
1042932736
1042934016
1042934520
1042935808
1042936320
1043892480
1043895040
1043899392
1044234240
1044578816
1044581120
1044582144
1044587008
1044588288
1044589568
1044591104
1044632064
1044633088
1044633856
1044634880
1045019728
1045268480
1045741680
1045741792
1045741848
1045745152
1045746528
1045748352
1046338048
1046340096
1046341888
1046345728
1046346752
1046898432
1046899712
1047379998
1047724032
1047733487
1047735039
1047737971
1047738461
1047738902
1047739131
1047755533
1047755552
1047763578
1047766756
1047766985
1047767020
1047767170
1047767472
1047781680
1047781880
1047782696
1047782784
1047785728
1047786752
1047787264
1047788544
1047789536
1048313856
1048387136
1048387584
1048399104
1048403968
1048603648
1048605184
1048606720
1048607232
1048608000
1049364480
1049365504
1049366272
1049369088
1050804224
1050935296
1050942976
1050943488
1050945792
1050948864
1050964992
1051931392
1051931584
1051931632
1051932416
1051932536
1052139520
1052246016
1053294592
1053294680
1053296928
1053297664
1053299200
1053301072
1053302712
1053308688
1053309952
1053310208
1053310976
1053312888
1053312968
1053313008
1053314048
1053316864
1053320448
1053320960
1053321728
1053323272
1053326448
1053326520
1053328868
1053329664
1053332272
1053344256
1053345376
1053349952
1053350336
1053352192
1053353472
1053354656
1053824256
1053843712
1053849600
1055256576
1071255552
1071586304
1071586816
1073031424
1080954880
1087626112
1093719303
1093959680
1093967872
1093969408
1097896192
1109705856
1112867584
1112869376
1112872192
1112877824
1112884736
1112890368
1122430976
1123590144
1125459456
1132681472
1145165824
1161423104
1161426144
1161427488
1168506880
1176764416
1209439232
1248946176
1249140480
1293680640
1296773120
1297173248
1300309760
1307066368
1307815936
1310248960
1310249216
1310250496
1310250752
1311244800
1315729664
1315732224
1343017984
1343025152
1343027712
1346498560
1346584576
1346585088
1346752512
1347688290
1347688426
1347854336
1352470656
1357327616
1357331456
1357335552
1357336576
1357339648
1357342976
1357347332
1357347372
1357347648
1357348096
1357348608
1357349376
1357349699
1357349715
1357350912
1357353984
1357355008
1357355776
1357357056
1357358592
1357359104
1357360032
1357360280
1357360320
1357364224
1357365760
1357365824
1357366720
1357366800
1357366848
1357366968
1357367313
1357367374
1357367552
1357368320
1357369600
1357370112
1357370624
1357371392
1357371904
1357373184
1357889536
1357890351
1359675392
1360128000
1360748544
1362409728
1364762624
1371998208
1372684288
1372691712
1372696064
1375256576
1375259136
1382205440
1382212364
1382212544
1384186880
1384189440
1384194048
1384197120
1384206336
1384808480
1384808968
1384809408
1384810240
1384811648
1384812544
1384814080
1384815104
1384816128
1384817152
1384817920
1384818816
1384820736
1384823808
1385566400
1385569024
1388591616
1388666880
1389264912
1389267200
1389269760
1389280000
1389785088
1400635392
1406791168
1406791936
1406794752
1407520512
1407524616
1407531520
1411870976
1411907584
1412794368
1422739456
1422742272
1422743808
1422856704
1422907392
1422913792
1422914432
1425459200
1425473792
1428045824
1439450880
1439467264
1439469568
1439481856
1449659392
1449672704
1449724416
1450168320
1475245056
1475920128
1475920384
1475923968
1475926016
1476280320
1481736192
1481990144
1489660512
1489661536
1490878464
1490882560
1490885632
1490888704
1490895872
1490897920
1490899200
1490900224
1490900736
1490901504
1490902272
1490904064
1490906368
1490908160
1490919424
1490921472
1490926080
1490929664
1490932224
1490932736
1490934784
1490935808
1490938624
1490942976
1495138304
1495138816
1495139328
1495139904
1495141120
1495142400
1495143936
1495150592
1495153664
1495154432
1495160064
1495160112
1495160256
1495160832
1495161344
1495162497
1495162944
1495163400
1495163904
1495164672
1495165200
1495165392
1495167232
1495168384
1495168768
1495169280
1495169792
1495170176
1495170688
1495242752
1495322368
1495338752
1495486976
1495612160
1495810048
1495954176
1495969280
1495970560
1496002816
1496034304
1496083200
1496315904
1496317184
1500184576
1502969856
1502969864
1502970042
1502970056
1502970076
1502970092
1502970516
1502970520
1502970580
1502970616
1502970960
1502971094
1502971098
1502971102
1502971106
1502971116
1502971172
1502971200
1502971214
1502971280
1502971296
1502971308
1502971324
1502971356
1502971428
1502971448
1502971460
1502971500
1502971504
1502971544
1502971602
1502971608
1502971624
1502971644
1502971652
1502971876
1502972048
1502972392
1502972396
1502972400
1502972404
1502974784
1502974820
1502974852
1502975264
1502975488
1502976048
1502979232
1502979328
1502980880
1505345536
1506607104
1508546048
1510604800
1511997440
1539219456
1539367680
1539548672
1539717888
1539809280
1539820032
1539827456
1539895808
1539900416
1539980288
1539981056
1540651520
1540654080
1540698624
1540741376
1540931072
1541168896
1541382400
1541542912
1541856000
1542303488
1546108928
1546977280
1547124736
1547538432
1550989056
1551507456
1551513600
1551524864
1551530752
1551531520
1551544320
1551546368
1551547648
1551548160
1551551488
1551552512
1551555584
1551561216
1551564288
1551572992
1551575040
1551577088
1551583488
1551584256
1551586304
1551588352
1551590144
1551591424
1551600640
1551601920
1551602432
1551605760
1551609856
1551618048
1551620096
1551621632
1551627264
1558142720
1558143744
1559831552
1566401760
1566401856
1566401958
1566401964
1566402004
1566402007
1566402016
1566402021
1566402026
1566402036
1566402044
1566523392
1567800320
1571737600
1571786752
1571815424
1572392960
1572396032
1572573184
1572841472
1572842496
1572849664
1583636480
1583727360
1583783936
1583783947
1583783954
1583783971
1583783985
1583783990
1583784009
1583784017
1583784030
1583784068
1583784086
1583784092
1583784097
1583784100
1583784104
1583784113
1583784128
1583784167
1583784169
1583784184
1583784692
1585223936
1585224960
1589548544
1593139456
1593267456
1599471616
1600399104
1600400896
1600405504
1600415744
1600421888
1600428032
1600432896
1600435456
1600443648
1600445440
1600452608
1600453120
1600454400
1600456704
1600458752
1600461824
1600463360
1600464640
1600465920
1600467968
1600470528
1600483584
1600488960
1600490496
1600491264
1600498176
1600499712
1602271232
1602383872
1603069440
1604059136
1604960768
1605664768
1627914240
1631596544
1631597568
1631617024
1631780864
1632071680
1681915904
1704198144
1704525824
1704787968
1709310982
1711276032
1711722496
1715830784
1715844096
1719681024
1719697408
1719708672
1719711744
1719738368
1719746560
1719762944
1719779328
1719782400
1719798784
1719820800
1719821312
1719853056
1719857152
1720168448
1720170496
1720172288
1720180736
1720188928
1720471552
1720516608
1720567808
1722036224
1728237568
1728272384
1728329728
1728445440
1728466176
1728478208
1728513024
1728542720
1728552992
1728567296
1728578560
1728585984
1728605184
1728628736
1728681984
1728707584
1728711168
1728737024
1728744448
1728820224
1728847872
1728857088
1728857600
1728874496
1728886784
1728902144
1728936960
1728942080
1728955392
1728967936
1728992256
1729004544
1729010688
1729032192
1729040384
1729087488
1729115136
1729122304
1729129472
1729208320
1729219584
1729225728
1729282048
1729287168
1729290240
1729308672
1729315840
1729367040
1729392640
1729458176
1729490944
1729548288
1729605632
1729618944
1729655808
1729662976
1729682432
1729690624
1729693696
1729696768
1729698816
1729701888
1729703936
1729797120
1729815552
1729818624
1729825792
1729837056
1729847296
1729876224
1729953792
1729964544
1730024448
1730070528
1730074624
1730077696
1730100224
1730125824
1730127872
1730150400
1730247680
1730265088
1730362368
1730365696
1730366464
1730368512
1730370304
1730373632
1730376704
1730377216
1730378240
1730383872
1730391296
1730393088
1730394112
1730398208
1730410624
1730430464
1730430976
1730435072
1730440192
1730448384
1730453504
1730457600
1730468864
1730479104
1730480640
1730484224
1730491392
1730493952
1730496512
1730499584
1730501632
1730503680
1730511872
1730522368
1730523648
1730526208
1730531328
1730538496
1730543616
1730617344
1730619392
1730626560
1730633216
1730634752
247854267
247854571
247854575
247854806
247855107
247855110
247855154
394526976
394535168
394543360
394551552
394559744
394567936
394576128
394593024
394608896
394641664
394649856
394658048
394690816
394739968
394756352
394764544
394772736
394780928
394789120
394813440
394830080
394846464
394854656
394862848
394871040
394887424
394903808
394912000
394920192
394928384
394944768
394953216
394961152
394969344
394977536
394985728
394993920
395018496
395026688
395034880
395043072
395051264
395092224
395100416
395116800
395133184
395141376
395829504
396968192
396984576
397000960
397033984
397050112
397082880
397115648
397148416
397164800
397181184
397213952
397230336
397246720
397263104
397295872
397312256
397328640
397394176
397410560
397459712
397492480
397517056
397525248
397541888
397574400
397623552
397639936
397721856
397738240
397820416
397852928
397869312
397885696
395067648
395075840
395084032
395124992
397902080
402172672
402173440
402174976
402194944
402231296
402247680
402255872
402277888
402279680
402284544
402285312
402341888
402374656
402423808
402522112
402552320
402587648
405368832
406175744
412917760
460595200
461225984
520595456
520830976
520884224
533823488
540803072
540809216
543889920
543910400
544600064
552561408
552561920
552562688
552566528
552568064
552576000
552577024
552580864
552583680
552593152
552598528
552599056
607256576
622485504
629883392
637315072
639369783
643788640
646212512
662896640
691852288
692191232
692797440
692975616
787186944
787191808
787192320
1044587776
636172032
639369609
646214432
622417920
643216640
644051968
646211520
663190784
552585984
627239936
643299072
643590656
646211776
663173120
663184640
663197440
663326464
663326784
663332096
693004288
762574848
762586112
762601472
762644480
762659840
762674176
831336448
831363072
831379456
877834240
877983744
961728512
961773568
962232320
974198528
1044582528
1044587295
1044587455
1044592128
1044594432
1044626176
1044628224
1044629760
1044638720
1044643328
1044684800
1044691968
1045299200
1045305856
1045741608
1045742080
1045742116
1045743232
1045743264
1045743616
1045745696
1045745952
1045746432
1045747968
1046333696
1046335232
1046336256
1046337024
1046343680
1046346240
1046887424
1046895360
1047379968
1053300104
1053301280
1053302336
1053305920
1053306880
1053307944
1053308544
1053308712
1053308992
1053312512
1053312864
1053312980
1053317632
1053318912
1053325568
1053327360
1053328384
1053329088
1053330688
1053331488
1053334016
1053338944
1053348608
1053350404
1053350912
1053354832
1053819392
1053826048
1053837568
1055227904
1055236096
1071304704
1077857280
1081421312
1093703936
1093719305
1093719319
1093720320
1093968384
1093973248
1097947136
1097951232
1100652544
1103554048
1104753152
1106812928
1112817664
1112818688
1112867072
1112868608
1112870400
1112873216
1112877312
1112881920
1112882944
1112883968
1112887808
1112928256
1112931584
1115693056
1118484480
1118824448
1119111168
1119150080
1119428608
1120281088
1123397632
1123399680
1125457920
1125545984
1137963008
1145141248
1145668976
1158441984
1161421152
1161422080
1161425152
1161427200
1162836224
1162880000
1192460288
1211333888
1224476672
1248913408
1249037056
1249139712
1263270912
1280091136
1280093184
1280095744
1296252740
1315758080
1315946496
1317677312
1317677328
1318912000
1331902464
1333624832
1333690368
1334669312
1342701568
1342860800
1343028480
1346589440
1347016704
1347260416
1347686500
1347687482
1352470912
1355873792
1357321984
1357323008
1357323520
1357324032
1357324544
1357329664
1357331968
1357332480
1357333824
1357335040
1357343536
1357344264
1357344768
1357346848
1385562624
1385564416
1385567232
1388584960
1389270016
1389274752
1389280768
1389777920
1401225216
1401942072
1406787584
1406795776
1407522816
1407525136
1407538944
1407539968
1407540992
1407544072
1407544840
1407545856
1411872032
1412002560
1412792320
1412795136
1412798464
1412799232
1412804096
1422737408
1422738944
1422741504
1422743040
1422852096
1422858752
1600429056
1600442368
1600451072
1723195392
1723858944
1728224256
1729602560
1730638080
1730673664
1731027200
1731033088
1731033856
1731040768
1731064832
1731068928
1731110912
1731115008
1731120128
1731131392
1731133952
1731134464
1731140096
1731142656
1731158016
1731163136
1731184640
1731212288
1731258624
1731267584
1053334784
1053339424
1053340416
1053340808
1053341952
1053349632
1053354240
1053829120
1053838336
1053859840
1054654464
1055203328
1066356480
1071289344
1078413312
1080983552
1087421440
1161424896
1346586624
1347686656
1347688292
1352470808
1357317120
1357318912
1357320704
1728226304
1728238592
1728282624
1728358400
1728362496
1729474560
1729482752
1729518592
1729658880
1730379008
1730640896
1730658304
1731138560
1731149056
1731169280
1731178496
1731181568
1731206912
1731208192
1731222528
1731229696
1731250688
1731254272
1731269632
1731280896
1731283968
1731286016
1731290112
1731292160
1731296768
1731297280
1731354624
1731357696
1731363840
1731374080
1731386368
1731396608
1731398656
1731404800
1731411712
1731416064
1731423232
1731427328
1731431424
1731437568
1731449856
1731457024
1731466240
1731471360
1731479552
1731480316
1731485696
1731493888
1731499008
1731503104
1731505152
1731507200
1731510784
1731520512
1731528448
1731533824
1731540736
1731543040
1731550208
1731555840
1731580928
1731606528
1731614720
1731621888
1731637248
1731641344
1731653632
1731658752
1731686400
1731696640
1731701760
1731705856
1731734528
1731741696
1731747840
1731791872
1731838976
1731860480
1731871744
1731899392
1731904512
1731911680
1731957760
1731960832
1731986432
1731988480
1731993600
1731996672
1731999744
1732001792
1732007936
1732016128
1732019712
1732022272
1732022784
1732033536
1732037632
1732041216
1732042752
1732044288
1732049920
1732051968
1732056064
1732066304
1732074496
1732078080
1732086784
1732087296
1732089600
1732090368
1732094976
1732098048
1732110336
1732113408
1732116480
1732124928
1732125440
1732156416
1732157440
1732168704
1732178944
1732190208
1732216832
1732222976
1732231168
1732237312
1732242432
1732242944
1732243456
1732245504
1732255744
1732281344
1732302848
1732308992
1732324352
1732338176
1732342784
1732349952
1732359168
1732365312
1732370432
1732374528
1732376576
1732385792
1732386304
1732387840
1732393984
1732402176
1732404224
1732406272
1732422400
1732424704
1732429824
1732433920
1732440064
1732451328
1732454400
1732488192
1732496384
1732500480
1732508672
1732512768
1732525056
1732532224
1732534272
1732537344
1732541696
1732543488
1732545024
1732546560
1732552192
1732552704
1732555776
1732570112
1732579328
1732585472
1732590592
1732605952
1732610048
1732616192
1732627456
1732629504
1732706304
1732709376
1732712448
1732713472
1732715520
1732718592
1732724736
1732726784
1732731392
1732741120
1732742144
1732750336
1732751104
1732770816
1732792576
1732794624
1732800512
1732803584
1732808704
1732809984
1732812800
1732816128
1732817920
1732821504
1732829184
1732849664
1732868096
1732870144
1732874240
1732877312
1732878336
1732880384
1732882432
1732887040
1732889600
1732898816
1732909056
1732916224
1732917248
1732922368
1732940800
1732946944
1732952320
1732954112
1732954880
1732962304
1732966400
1732968448
1732971520
1732979712
1732989952
1732992000
1732995072
1732998656
1732999168
1733001216
1733005312
1733007616
1733013248
1733022720
1733027328
1733028864
1733029888
1733032960
1733042176
1733042688
1733049344
1733055488
1733057536
1733062656
1733076224
1733089280
1733106688
1733112832
1733117952
1733122048
1733128704
1733133312
1733137408
1733148672
1733155840
1733175296
1733178112
1733179392
1733181440
1733195264
1733196288
1733196800
1733215232
1733223424
1733233664
1733251072
1733254400
1731557376
1731572736
1731639296
1731650560
1731660544
1731690496
1731789824
1731795968
1731821568
1731825664
1732934656
1733198848
1733209088
1733221888
1733236736
1733239808
1733261312
1733265408
1733275648
1733276416
1733277696
1733292032
1733297152
1733300224
1733302272
1733327872
1733333248
1733339136
1733341184
1733345280
1733347328
1733350400
1733352448
1733355520
1733360640
1733362688
1733365760
1733372928
1733380096
1733386240
1733392384
1733394432
1733395200
1733396736
1733397504
1733398272
1733403136
1733403648
1733406720
1733408768
1733421056
1733424896
1733431296
1733439488
1733441024
1733442560
1733444608
1733449728
1733453824
1733455872
1733466880
1733492736
1733515776
1733521408
1733524480
1733526528
1733533696
1733536256
1733538816
1733542144
1733551872
1733558272
1733561344
1733569536
1733572608
1733574656
1733576704
1733579776
1733585920
1733590016
1733597184
1733601024
1733608448
1733614592
1733628928
1733634560
1733642240
1733645312
1733646080
1733651456
1733658624
1733661440
1733671424
1733671936
1733696512
1733704704
1733706752
1733707776
1733711872
1733712640
1733714432
1733720064
1733722368
1733732864
1733741568
1733760000
1733763072
1733773312
1733778176
1733779456
1733782528
1733788672
1733791744
1733812224
1733816320
1734116352
1734136320
1734140928
1734142976
1734155264
1734169600
1734179840
1731567616
1731590144
1731594240
1731603456
1731624960
1731632128
1731644416
1731662848
1731666688
1731671296
1731678208
1731688448
1731703552
1731713536
1731719168
1731725312
1731727360
1731729408
1731737600
1731753216
1731756032
1731762176
1731772672
1731774464
1731777536
1731800064
1733459968
1733463040
1733470208
1733481472
1733484544
1733487104
1733491200
1733496832
1733498880
1733501952
1733506048
1733509120
1733515264
1733794816
1733799936
1733821440
1733828608
1734094848
1734104576
1734110208
1734114304
1734122496
1734124544
1734159872
1734163456
1734166528
1734167808
1734179072
1734187008
1734194176
1734200320
1734213376
1734216704
1734220800
1734224128
1734232064
1734236160
1734240000
1734243328
1734249472
1734251520
1734254592
1734259712
1734268416
1734272000
1734273536
1734275072
1734286336
1734287104
1734290432
1734291968
1734295552
1734301696
1734305280
1734308864
1734311936
1734313984
1734318080
1734320896
1734325248
1734331904
1734361088
1734370304
1734379520
1734382592
1734424576
1734438912
1734448128
1734450176
1734455040
1734458368
1734461440
1734463488
1734467584
1734479872
1734486016
1731743744
1734334208
1734346752
1734365184
1734375424
